id	tenantId	chitId	installmentNo	dueDate	dueAmount	dividend	paidAmount	paidDate	paidFromAccountId	journalEntryId	status
1	1	1	1	2023-04-10	25000.00	0.00	25000.00	2023-04-10	8	1	PAID
2	1	1	2	2023-05-10	25000.00	0.00	25000.00	2023-05-10	8	2	PAID
3	1	1	3	2023-06-10	25000.00	0.00	25000.00	2023-06-10	8	3	PAID
4	1	1	4	2023-07-10	25000.00	0.00	25000.00	2023-07-10	8	4	PAID
5	1	1	5	2023-08-10	25000.00	0.00	25000.00	2023-08-10	8	5	PAID
6	1	1	6	2023-09-10	25000.00	0.00	25000.00	2023-09-10	8	6	PAID
7	1	1	7	2023-10-10	25000.00	0.00	25000.00	2023-10-10	8	7	PAID
8	1	1	8	2023-11-10	25000.00	0.00	25000.00	2023-11-10	8	8	PAID
9	1	1	9	2023-12-10	25000.00	0.00	25000.00	2023-12-10	8	9	PAID
10	1	1	10	2024-01-10	25000.00	0.00	25000.00	2024-01-10	8	10	PAID
11	1	1	11	2024-02-10	25000.00	0.00	25000.00	2024-02-10	8	11	PAID
12	1	1	12	2024-03-10	25000.00	0.00	25000.00	2024-03-10	8	12	PAID
13	1	1	13	2024-04-10	25000.00	0.00	25000.00	2024-04-10	8	13	PAID
14	1	1	14	2024-05-10	25000.00	0.00	25000.00	2024-05-10	8	14	PAID
15	1	1	15	2024-06-10	25000.00	0.00	25000.00	2024-06-10	8	15	PAID
16	1	1	16	2024-07-10	25000.00	0.00	25000.00	2024-07-10	8	16	PAID
17	1	1	17	2024-08-10	25000.00	0.00	25000.00	2024-08-10	8	17	PAID
18	1	1	18	2024-09-10	25000.00	0.00	25000.00	2024-09-10	8	18	PAID
19	1	1	19	2024-10-10	25000.00	0.00	25000.00	2024-10-10	8	19	PAID
20	1	1	20	2024-11-10	25000.00	0.00	25000.00	2024-11-10	8	20	PAID
21	1	1	21	2024-12-10	25000.00	0.00	25000.00	2024-12-10	8	21	PAID
22	1	1	22	2025-01-10	25000.00	0.00	25000.00	2025-01-10	8	22	PAID
23	1	1	23	2025-02-10	25000.00	0.00	25000.00	2025-02-10	8	23	PAID
24	1	1	24	2025-03-10	25000.00	0.00	25000.00	2025-03-10	9	33	PAID
25	1	1	25	2025-04-10	25000.00	0.00	25000.00	2025-04-10	9	34	PAID
26	1	1	26	2025-05-10	25000.00	0.00	25000.00	2025-05-10	9	35	PAID
27	1	1	27	2025-06-10	25000.00	0.00	25000.00	2025-06-10	9	36	PAID
28	1	1	28	2025-07-10	25000.00	0.00	25000.00	2025-07-10	9	37	PAID
29	1	1	29	2025-08-10	25000.00	0.00	25000.00	2025-08-10	9	38	PAID
30	1	1	30	2025-09-10	25000.00	0.00	25000.00	2025-09-10	9	39	PAID
31	1	1	31	2025-10-10	25000.00	0.00	25000.00	2025-10-10	9	40	PAID
32	1	2	1	2024-06-10	25000.00	0.00	25000.00	2024-06-10	8	24	PAID
33	1	2	2	2024-07-10	25000.00	0.00	25000.00	2024-07-10	8	25	PAID
34	1	2	3	2024-08-10	25000.00	0.00	25000.00	2024-08-10	8	26	PAID
35	1	2	4	2024-09-10	25000.00	0.00	25000.00	2024-09-10	8	27	PAID
36	1	2	5	2024-10-10	25000.00	0.00	25000.00	2024-10-10	8	28	PAID
37	1	2	6	2024-11-10	25000.00	0.00	25000.00	2024-11-10	8	29	PAID
38	1	2	7	2024-12-10	25000.00	0.00	25000.00	2024-12-10	8	30	PAID
39	1	2	8	2025-01-10	25000.00	0.00	25000.00	2025-01-10	8	31	PAID
40	1	2	9	2025-02-10	25000.00	0.00	25000.00	2025-02-10	8	32	PAID
41	1	2	10	2025-03-10	25000.00	0.00	25000.00	2025-03-10	9	44	PAID
42	1	2	11	2025-04-10	25000.00	0.00	25000.00	2025-04-10	9	45	PAID
43	1	2	12	2025-05-10	25000.00	0.00	25000.00	2025-05-10	9	46	PAID
44	1	2	13	2025-06-10	25000.00	0.00	25000.00	2025-06-10	9	47	PAID
45	1	2	14	2025-07-10	25000.00	0.00	25000.00	2025-07-10	9	48	PAID
46	1	2	15	2025-08-10	25000.00	0.00	25000.00	2025-08-10	9	49	PAID
47	1	2	16	2025-09-10	25000.00	0.00	25000.00	2025-09-10	9	50	PAID
48	1	2	17	2025-10-10	25000.00	0.00	25000.00	2025-10-10	9	51	PAID
49	1	2	18	2025-11-10	25000.00	0.00	25000.00	2025-11-10	9	52	PAID
50	1	2	19	2025-12-10	25000.00	0.00	25000.00	2025-12-10	9	53	PAID
51	1	2	20	2026-01-10	25000.00	0.00	25000.00	2026-01-10	9	54	PAID
52	1	2	21	2026-02-10	25000.00	0.00	25000.00	2026-02-10	9	55	PAID
53	1	2	22	2026-03-10	25000.00	0.00	25000.00	2026-03-10	9	56	PAID
54	1	2	23	2026-04-10	25000.00	0.00	25000.00	2026-04-10	9	57	PAID
55	1	2	24	2026-05-10	25000.00	0.00	25000.00	2026-05-10	9	58	PAID
56	1	2	25	2026-06-10	25000.00	0.00	25000.00	2026-06-10	9	59	PAID
57	1	2	26	2026-07-10	25000.00	0.00	25000.00	2026-07-10	9	60	PAID
58	1	2	27	2026-08-10	25000.00	0.00	25000.00	2026-08-10	9	61	PAID
59	1	2	28	2026-09-10	25000.00	0.00	25000.00	2026-09-10	9	62	PAID
60	1	2	29	2026-10-10	25000.00	0.00	25000.00	2026-10-10	9	89	PAID
61	1	2	30	2026-11-10	25000.00	0.00	25000.00	2026-11-10	9	90	PAID
62	1	2	31	2026-12-10	25000.00	0.00	25000.00	2026-12-10	9	91	PAID
63	1	3	1	2025-11-10	25000.00	0.00	25000.00	2025-11-10	9	63	PAID
64	1	3	2	2025-12-10	25000.00	0.00	25000.00	2025-12-10	9	64	PAID
65	1	3	3	2026-01-10	25000.00	0.00	25000.00	2026-01-10	9	65	PAID
66	1	3	4	2026-02-10	25000.00	0.00	25000.00	2026-02-10	9	66	PAID
67	1	3	5	2026-03-10	25000.00	0.00	25000.00	2026-03-10	9	67	PAID
68	1	3	6	2026-04-10	25000.00	0.00	25000.00	2026-04-10	9	68	PAID
69	1	3	7	2026-05-10	25000.00	0.00	25000.00	2026-05-10	9	69	PAID
70	1	3	8	2026-06-10	25000.00	0.00	25000.00	2026-06-10	9	70	PAID
71	1	3	9	2026-07-10	25000.00	0.00	25000.00	2026-07-10	9	71	PAID
72	1	3	10	2026-08-10	25000.00	0.00	25000.00	2026-08-10	9	72	PAID
73	1	3	11	2026-09-10	25000.00	0.00	25000.00	2026-09-10	9	73	PAID
74	1	3	12	2026-10-10	25000.00	0.00	25000.00	2026-10-10	9	93	PAID
75	1	3	13	2026-11-10	25000.00	0.00	25000.00	2026-11-10	9	94	PAID
76	1	3	14	2026-12-10	25000.00	0.00	25000.00	2026-12-10	9	95	PAID
77	1	3	15	2027-01-10	25000.00						PENDING
78	1	3	16	2027-02-10	25000.00						PENDING
79	1	3	17	2027-03-10	25000.00						PENDING
80	1	3	18	2027-04-10	25000.00						PENDING
81	1	3	19	2027-05-10	25000.00						PENDING
82	1	3	20	2027-06-10	25000.00						PENDING
83	1	3	21	2027-07-10	25000.00						PENDING
84	1	3	22	2027-08-10	25000.00						PENDING
85	1	3	23	2027-09-10	25000.00						PENDING
86	1	3	24	2027-10-10	25000.00						PENDING
87	1	3	25	2027-11-10	25000.00						PENDING
88	1	3	26	2027-12-10	25000.00						PENDING
89	1	3	27	2028-01-10	25000.00						PENDING
90	1	3	28	2028-02-10	25000.00						PENDING
91	1	3	29	2028-03-10	25000.00						PENDING
92	1	3	30	2028-04-10	25000.00						PENDING
93	1	3	31	2028-05-10	25000.00						PENDING
