id	tenantId	chitId	slot	name	phone	email	payoutAccount	version
201	1	11	1	Lakshmi Devi	6062104761			0
202	1	11	2	Venkatesh	6517468905			0
203	1	11	3	Raju	6203632126			0
204	1	11	4	Balaji	8857514519			0
205	1	11	5	Jyothi	8181745134			0
206	1	11	6	Divya	9929752118			0
207	1	11	7	Suresh Reddy	7446647775			0
208	1	11	8	Prakash	8574934774			0
209	1	11	9	Shobha	6327774129			0
210	1	11	10	Ravi Kumar	8511748244			0
211	1	11	11	Ramesh Naidu	9093916371			0
212	1	11	12	Padma	8975634319			0
213	1	11	13	Gopal	9880454716			0
214	1	11	14	Swathi	8147746383			0
215	1	11	15	Madhavi	7793293686			0
216	1	11	16	Sunitha	6060443920			0
217	1	11	17	Anitha Rao	8746701329			0
218	1	11	18	Naresh	7844295201			0
219	1	11	19	Priya Sharma	7862435914			0
220	1	11	20	Srinivas	7258745963			0
221	1	12	1	Revathi	7936909470			0
222	1	12	2	Divya	7622081271			0
223	1	12	3	Balaji	7735755922			0
224	1	12	4	Raju	6365956562			0
225	1	12	5	Kavitha	9605794085			0
226	1	12	6	Gopal	7778657613			0
227	1	12	7	Ravi Kumar	6921725104			0
228	1	12	8	Vani	6527684322			0
229	1	12	9	Lakshmi Devi	7105436244			0
230	1	12	10	Sandhya	7948585471			0
231	1	12	11	Prakash	6393286186			0
232	1	12	12	Madhavi	7340230124			0
233	1	12	13	Naresh	8035225663			0
234	1	12	14	Suresh Reddy	8000498464			0
235	1	12	15	Harish	6482589869			0
236	1	12	16	Anitha Rao	8798251513			0
237	1	12	17	Sunitha	8824752252			0
238	1	12	18	Jyothi	6487330365			0
239	1	12	19	Arjun	8615994501			0
240	1	12	20	Venkatesh	8824627670			0
