id	tenantId	chitId	monthId	transferId	accountId	amount	mode	reference	position	version
1	1	11	201		15	475000.00	Bank		1	0
2	1	11	202		15	480000.00	Cash		1	0
3	1	11	203		15	485000.00	Bank		1	0
4	1	11	204		15	490000.00	Bank		1	0
5	1	11	205		15	495000.00	Bank	10235021485564	1	0
6	1	11	206		15	500000.00	Bank		1	0
7	1	12	221		16	775000.00	Bank		1	0
8	1	12	222		16	711000.00	Bank		1	0
9	1	12	223		16	732000.00	Bank		1	0
10	1	12	224		16	775000.00	Bank		1	0
11	1	11	207		15	505000.00	Bank		1	0
12	1	11	208		15	30000.00	Bank		1	0
13	1	11	208		1	480000.00	Bank		2	0
14	1	11	209		15	215000.00	Bank		1	0
15	1	11	209		8	200000.00	Bank		2	0
16	1	11	209		1	100000.00	Bank		3	0
17	1	11	210		15	400000.00	Bank		1	0
18	1	11	210		1	20000.00	Bank		2	0
19	1	11	210		8	100000.00	Bank		3	0
20	1	11	211		25	495000.00	Direct	18 member payments made to the winner	1	0
21	1	11	211		15	20000.00	Bank		2	0
22	1	11	211		1	10000.00	Bank		3	0
23	1	11	212		25	368000.00	Direct	14 member payments made to the winner	1	0
24	1	11	212		8	162000.00	Bank		2	0
25	1	11		1	1	6000.00	Bank		1	0
26	1	11	213		15	500000.00	Bank		1	0
27	1	11	213		14	35000.00	Bank		2	0
28	1	11	214		15	540000.00	Bank		1	0
29	1	11	215		15	545000.00	Bank		1	0
