id	tenantId	journalEntryId	lineNo	accountId	debit	credit	memo	categoryId	chitId	hostedChitId
1	1	1	1	3	25000.00	0.00			1	
2	1	1	2	8	0.00	25000.00				
3	1	2	1	3	25000.00	0.00			1	
4	1	2	2	8	0.00	25000.00				
5	1	3	1	3	25000.00	0.00			1	
6	1	3	2	8	0.00	25000.00				
7	1	4	1	3	25000.00	0.00			1	
8	1	4	2	8	0.00	25000.00				
9	1	5	1	3	25000.00	0.00			1	
10	1	5	2	8	0.00	25000.00				
11	1	6	1	3	25000.00	0.00			1	
12	1	6	2	8	0.00	25000.00				
13	1	7	1	3	25000.00	0.00			1	
14	1	7	2	8	0.00	25000.00				
15	1	8	1	3	25000.00	0.00			1	
16	1	8	2	8	0.00	25000.00				
17	1	9	1	3	25000.00	0.00			1	
18	1	9	2	8	0.00	25000.00				
19	1	10	1	3	25000.00	0.00			1	
20	1	10	2	8	0.00	25000.00				
21	1	11	1	3	25000.00	0.00			1	
22	1	11	2	8	0.00	25000.00				
23	1	12	1	3	25000.00	0.00			1	
24	1	12	2	8	0.00	25000.00				
25	1	13	1	3	25000.00	0.00			1	
26	1	13	2	8	0.00	25000.00				
27	1	14	1	3	25000.00	0.00			1	
28	1	14	2	8	0.00	25000.00				
29	1	15	1	3	25000.00	0.00			1	
30	1	15	2	8	0.00	25000.00				
31	1	16	1	3	25000.00	0.00			1	
32	1	16	2	8	0.00	25000.00				
33	1	17	1	3	25000.00	0.00			1	
34	1	17	2	8	0.00	25000.00				
35	1	18	1	3	25000.00	0.00			1	
36	1	18	2	8	0.00	25000.00				
37	1	19	1	3	25000.00	0.00			1	
38	1	19	2	8	0.00	25000.00				
39	1	20	1	3	25000.00	0.00			1	
40	1	20	2	8	0.00	25000.00				
41	1	21	1	3	25000.00	0.00			1	
42	1	21	2	8	0.00	25000.00				
43	1	22	1	3	25000.00	0.00			1	
44	1	22	2	8	0.00	25000.00				
45	1	23	1	3	25000.00	0.00			1	
46	1	23	2	8	0.00	25000.00				
47	1	24	1	3	25000.00	0.00			2	
48	1	24	2	8	0.00	25000.00				
49	1	25	1	3	25000.00	0.00			2	
50	1	25	2	8	0.00	25000.00				
51	1	26	1	3	25000.00	0.00			2	
52	1	26	2	8	0.00	25000.00				
53	1	27	1	3	25000.00	0.00			2	
54	1	27	2	8	0.00	25000.00				
55	1	28	1	3	25000.00	0.00			2	
56	1	28	2	8	0.00	25000.00				
57	1	29	1	3	25000.00	0.00			2	
58	1	29	2	8	0.00	25000.00				
59	1	30	1	3	25000.00	0.00			2	
60	1	30	2	8	0.00	25000.00				
61	1	31	1	3	25000.00	0.00			2	
62	1	31	2	8	0.00	25000.00				
63	1	32	1	3	25000.00	0.00			2	
64	1	32	2	8	0.00	25000.00				
65	1	33	1	3	25000.00	0.00			1	
66	1	33	2	9	0.00	25000.00				
67	1	34	1	3	25000.00	0.00			1	
68	1	34	2	9	0.00	25000.00				
69	1	35	1	3	25000.00	0.00			1	
70	1	35	2	9	0.00	25000.00				
71	1	36	1	3	25000.00	0.00			1	
72	1	36	2	9	0.00	25000.00				
73	1	37	1	3	25000.00	0.00			1	
74	1	37	2	9	0.00	25000.00				
75	1	38	1	3	25000.00	0.00			1	
76	1	38	2	9	0.00	25000.00				
77	1	39	1	3	25000.00	0.00			1	
78	1	39	2	9	0.00	25000.00				
79	1	40	1	3	25000.00	0.00			1	
80	1	40	2	9	0.00	25000.00				
84	1	42	1	8	800000.00	0.00				
85	1	42	2	6	0.00	800000.00		8		
89	1	44	1	3	25000.00	0.00			2	
90	1	44	2	9	0.00	25000.00				
91	1	45	1	3	25000.00	0.00			2	
92	1	45	2	9	0.00	25000.00				
93	1	46	1	3	25000.00	0.00			2	
94	1	46	2	9	0.00	25000.00				
95	1	47	1	3	25000.00	0.00			2	
96	1	47	2	9	0.00	25000.00				
97	1	48	1	3	25000.00	0.00			2	
98	1	48	2	9	0.00	25000.00				
99	1	49	1	3	25000.00	0.00			2	
100	1	49	2	9	0.00	25000.00				
101	1	50	1	3	25000.00	0.00			2	
102	1	50	2	9	0.00	25000.00				
103	1	51	1	3	25000.00	0.00			2	
104	1	51	2	9	0.00	25000.00				
105	1	52	1	3	25000.00	0.00			2	
106	1	52	2	9	0.00	25000.00				
107	1	53	1	3	25000.00	0.00			2	
108	1	53	2	9	0.00	25000.00				
109	1	54	1	3	25000.00	0.00			2	
110	1	54	2	9	0.00	25000.00				
111	1	55	1	3	25000.00	0.00			2	
112	1	55	2	9	0.00	25000.00				
113	1	56	1	3	25000.00	0.00			2	
114	1	56	2	9	0.00	25000.00				
115	1	57	1	3	25000.00	0.00			2	
116	1	57	2	9	0.00	25000.00				
117	1	58	1	3	25000.00	0.00			2	
118	1	58	2	9	0.00	25000.00				
119	1	59	1	3	25000.00	0.00			2	
120	1	59	2	9	0.00	25000.00				
121	1	60	1	3	25000.00	0.00			2	
122	1	60	2	9	0.00	25000.00				
123	1	61	1	3	25000.00	0.00			2	
124	1	61	2	9	0.00	25000.00				
125	1	62	1	3	25000.00	0.00			2	
126	1	62	2	9	0.00	25000.00				
127	1	63	1	3	25000.00	0.00			3	
128	1	63	2	9	0.00	25000.00				
129	1	64	1	3	25000.00	0.00			3	
130	1	64	2	9	0.00	25000.00				
131	1	65	1	3	25000.00	0.00			3	
132	1	65	2	9	0.00	25000.00				
133	1	66	1	3	25000.00	0.00			3	
134	1	66	2	9	0.00	25000.00				
135	1	67	1	3	25000.00	0.00			3	
136	1	67	2	9	0.00	25000.00				
137	1	68	1	3	25000.00	0.00			3	
138	1	68	2	9	0.00	25000.00				
139	1	69	1	3	25000.00	0.00			3	
140	1	69	2	9	0.00	25000.00				
141	1	70	1	3	25000.00	0.00			3	
142	1	70	2	9	0.00	25000.00				
143	1	71	1	3	25000.00	0.00			3	
144	1	71	2	9	0.00	25000.00				
145	1	72	1	3	25000.00	0.00			3	
146	1	72	2	9	0.00	25000.00				
147	1	73	1	3	25000.00	0.00			3	
148	1	73	2	9	0.00	25000.00				
152	1	75	1	9	970000.00	0.00				
153	1	75	2	3	0.00	775000.00			1	
154	1	75	3	6	0.00	195000.00	Gain on chit	5		
183	1	89	1	3	25000.00	0.00			2	
184	1	89	2	9	0.00	25000.00				
185	1	90	1	3	25000.00	0.00			2	
186	1	90	2	9	0.00	25000.00				
187	1	91	1	3	25000.00	0.00			2	
188	1	91	2	9	0.00	25000.00				
189	1	92	1	9	970000.00	0.00				
190	1	92	2	3	0.00	775000.00			2	
191	1	92	3	6	0.00	195000.00	Gain on chit	5		
192	1	93	1	3	25000.00	0.00			3	
193	1	93	2	9	0.00	25000.00				
194	1	94	1	3	25000.00	0.00			3	
195	1	94	2	9	0.00	25000.00				
196	1	95	1	3	25000.00	0.00			3	
197	1	95	2	9	0.00	25000.00				
826	1	162	1	15	25000.00	0.00	Cash			11
827	1	162	2	12	0.00	25000.00				11
828	1	163	1	15	25000.00	0.00	Cash			11
829	1	163	2	12	0.00	25000.00				11
830	1	164	1	15	25000.00	0.00	Cash			11
831	1	164	2	12	0.00	25000.00				11
832	1	165	1	15	25000.00	0.00	Cash			11
833	1	165	2	12	0.00	25000.00				11
834	1	166	1	15	25000.00	0.00	Cash			11
835	1	166	2	12	0.00	25000.00				11
836	1	167	1	15	25000.00	0.00	Cash			11
837	1	167	2	12	0.00	25000.00				11
838	1	168	1	15	25000.00	0.00	Cash			11
839	1	168	2	12	0.00	25000.00				11
840	1	169	1	15	25000.00	0.00	Cash			11
841	1	169	2	12	0.00	25000.00				11
842	1	170	1	15	25000.00	0.00	Cash			11
843	1	170	2	12	0.00	25000.00				11
844	1	171	1	15	25000.00	0.00	Cash			11
845	1	171	2	12	0.00	25000.00				11
846	1	172	1	15	25000.00	0.00	Cash			11
847	1	172	2	12	0.00	25000.00				11
848	1	173	1	15	25000.00	0.00	Cash			11
849	1	173	2	12	0.00	25000.00				11
850	1	174	1	15	25000.00	0.00	Cash			11
851	1	174	2	12	0.00	25000.00				11
852	1	175	1	15	25000.00	0.00	Cash			11
853	1	175	2	12	0.00	25000.00				11
854	1	176	1	15	25000.00	0.00	Cash			11
855	1	176	2	12	0.00	25000.00				11
856	1	177	1	15	25000.00	0.00	Cash			11
857	1	177	2	12	0.00	25000.00				11
858	1	178	1	15	25000.00	0.00	Cash			11
859	1	178	2	12	0.00	25000.00				11
860	1	179	1	15	25000.00	0.00	Cash			11
861	1	179	2	12	0.00	25000.00				11
862	1	180	1	15	25000.00	0.00	Cash			11
863	1	180	2	12	0.00	25000.00				11
864	1	181	1	15	25000.00	0.00	Cash			11
865	1	181	2	12	0.00	25000.00				11
866	1	184	1	15	15000.00	0.00	Cash			11
867	1	184	2	12	0.00	15000.00				11
868	1	185	1	15	10000.00	0.00	Cash			11
869	1	185	2	12	0.00	10000.00				11
870	1	186	1	15	25000.00	0.00	Cash			11
871	1	186	2	12	0.00	25000.00				11
872	1	187	1	15	25000.00	0.00	Cash			11
873	1	187	2	12	0.00	25000.00				11
874	1	188	1	15	25000.00	0.00	Cash			11
875	1	188	2	12	0.00	25000.00				11
876	1	189	1	15	25000.00	0.00	Cash			11
877	1	189	2	12	0.00	25000.00				11
878	1	190	1	15	30000.00	0.00	Cash			11
879	1	190	2	12	0.00	30000.00				11
880	1	191	1	15	25000.00	0.00	Cash			11
881	1	191	2	12	0.00	25000.00				11
882	1	192	1	15	25000.00	0.00	Cash			11
883	1	192	2	12	0.00	25000.00				11
884	1	193	1	15	25000.00	0.00	Cash			11
885	1	193	2	12	0.00	25000.00				11
886	1	194	1	15	25000.00	0.00	Cash			11
887	1	194	2	12	0.00	25000.00				11
888	1	195	1	15	25000.00	0.00	Cash			11
889	1	195	2	12	0.00	25000.00				11
890	1	196	1	15	25000.00	0.00	Cash			11
891	1	196	2	12	0.00	25000.00				11
892	1	197	1	15	25000.00	0.00	Cash			11
893	1	197	2	12	0.00	25000.00				11
894	1	198	1	15	25000.00	0.00	Cash			11
895	1	198	2	12	0.00	25000.00				11
896	1	199	1	15	25000.00	0.00	Cash			11
897	1	199	2	12	0.00	25000.00				11
898	1	200	1	15	25000.00	0.00	Cash			11
899	1	200	2	12	0.00	25000.00				11
900	1	201	1	15	25000.00	0.00	Cash			11
901	1	201	2	12	0.00	25000.00				11
902	1	202	1	15	25000.00	0.00	Cash			11
903	1	202	2	12	0.00	25000.00				11
904	1	203	1	15	25000.00	0.00	Cash			11
905	1	203	2	12	0.00	25000.00				11
906	1	204	1	15	25000.00	0.00	Cash			11
907	1	204	2	12	0.00	25000.00				11
908	1	207	1	15	25000.00	0.00	Cash			11
909	1	207	2	12	0.00	25000.00				11
910	1	208	1	15	25000.00	0.00	Cash			11
911	1	208	2	12	0.00	25000.00				11
912	1	209	1	15	25000.00	0.00	Cash			11
913	1	209	2	12	0.00	25000.00				11
914	1	210	1	15	25000.00	0.00	Cash			11
915	1	210	2	12	0.00	25000.00				11
916	1	211	1	15	25000.00	0.00	Cash			11
917	1	211	2	12	0.00	25000.00				11
918	1	212	1	15	30000.00	0.00	Cash			11
919	1	212	2	12	0.00	30000.00				11
920	1	213	1	15	25000.00	0.00	Cash			11
921	1	213	2	12	0.00	25000.00				11
922	1	214	1	15	25000.00	0.00	Cash			11
923	1	214	2	12	0.00	25000.00				11
924	1	215	1	15	25000.00	0.00	Cash			11
925	1	215	2	12	0.00	25000.00				11
926	1	216	1	15	25000.00	0.00	Cash			11
927	1	216	2	12	0.00	25000.00				11
928	1	217	1	15	25000.00	0.00	Cash			11
929	1	217	2	12	0.00	25000.00				11
930	1	218	1	15	25000.00	0.00	Cash			11
931	1	218	2	12	0.00	25000.00				11
932	1	219	1	15	25000.00	0.00	Cash			11
933	1	219	2	12	0.00	25000.00				11
934	1	220	1	15	30000.00	0.00	Cash			11
935	1	220	2	12	0.00	30000.00				11
936	1	221	1	15	25000.00	0.00	Cash			11
937	1	221	2	12	0.00	25000.00				11
938	1	222	1	15	25000.00	0.00	Cash			11
939	1	222	2	12	0.00	25000.00				11
940	1	223	1	15	25000.00	0.00	Cash			11
941	1	223	2	12	0.00	25000.00				11
942	1	224	1	15	25000.00	0.00	Cash			11
943	1	224	2	12	0.00	25000.00				11
944	1	225	1	15	25000.00	0.00	Cash			11
945	1	225	2	12	0.00	25000.00				11
946	1	226	1	15	25000.00	0.00	Cash			11
947	1	226	2	12	0.00	25000.00				11
948	1	229	1	15	25000.00	0.00	Cash			11
949	1	229	2	12	0.00	25000.00				11
950	1	230	1	15	25000.00	0.00	Cash			11
951	1	230	2	12	0.00	25000.00				11
952	1	231	1	15	25000.00	0.00	Cash			11
953	1	231	2	12	0.00	25000.00				11
954	1	232	1	15	25000.00	0.00	Cash			11
955	1	232	2	12	0.00	25000.00				11
956	1	233	1	15	25000.00	0.00	Cash			11
957	1	233	2	12	0.00	25000.00				11
958	1	234	1	15	30000.00	0.00	Cash			11
959	1	234	2	12	0.00	30000.00				11
960	1	235	1	15	25000.00	0.00	Cash			11
961	1	235	2	12	0.00	25000.00				11
962	1	236	1	15	25000.00	0.00	Cash			11
963	1	236	2	12	0.00	25000.00				11
964	1	237	1	15	25000.00	0.00	Cash			11
965	1	237	2	12	0.00	25000.00				11
966	1	238	1	15	30000.00	0.00	Cash			11
967	1	238	2	12	0.00	30000.00				11
968	1	239	1	15	25000.00	0.00	Cash			11
969	1	239	2	12	0.00	25000.00				11
970	1	240	1	15	25000.00	0.00	Cash			11
971	1	240	2	12	0.00	25000.00				11
972	1	241	1	15	25000.00	0.00	Cash			11
973	1	241	2	12	0.00	25000.00				11
974	1	242	1	15	30000.00	0.00	Cash			11
975	1	242	2	12	0.00	30000.00				11
976	1	243	1	15	25000.00	0.00	Cash			11
977	1	243	2	12	0.00	25000.00				11
978	1	244	1	15	25000.00	0.00	Cash			11
979	1	244	2	12	0.00	25000.00				11
980	1	245	1	15	25000.00	0.00	Cash			11
981	1	245	2	12	0.00	25000.00				11
982	1	246	1	15	25000.00	0.00	Cash			11
983	1	246	2	12	0.00	25000.00				11
984	1	247	1	15	25000.00	0.00	Cash			11
985	1	247	2	12	0.00	25000.00				11
986	1	248	1	15	25000.00	0.00	Cash			11
987	1	248	2	12	0.00	25000.00				11
988	1	251	1	15	25000.00	0.00	Cash			11
989	1	251	2	12	0.00	25000.00				11
990	1	252	1	15	25000.00	0.00	Cash			11
991	1	252	2	12	0.00	25000.00				11
992	1	253	1	15	25000.00	0.00	Cash			11
993	1	253	2	12	0.00	25000.00				11
994	1	254	1	15	25000.00	0.00	Cash			11
995	1	254	2	12	0.00	25000.00				11
996	1	255	1	15	25000.00	0.00	Cash			11
997	1	255	2	12	0.00	25000.00				11
998	1	256	1	15	30000.00	0.00	Cash			11
999	1	256	2	12	0.00	30000.00				11
1000	1	257	1	15	25000.00	0.00	Cash			11
1001	1	257	2	12	0.00	25000.00				11
1002	1	258	1	15	25000.00	0.00	Cash			11
1003	1	258	2	12	0.00	25000.00				11
1004	1	259	1	15	30000.00	0.00	Cash			11
1005	1	259	2	12	0.00	30000.00				11
1006	1	260	1	15	30000.00	0.00	Cash			11
1007	1	260	2	12	0.00	30000.00				11
1008	1	261	1	15	25000.00	0.00	Cash			11
1009	1	261	2	12	0.00	25000.00				11
1010	1	262	1	15	25000.00	0.00	Cash			11
1011	1	262	2	12	0.00	25000.00				11
1012	1	263	1	15	25000.00	0.00	Cash			11
1013	1	263	2	12	0.00	25000.00				11
1014	1	264	1	15	30000.00	0.00	Cash			11
1015	1	264	2	12	0.00	30000.00				11
1016	1	265	1	15	25000.00	0.00	Cash			11
1017	1	265	2	12	0.00	25000.00				11
1018	1	266	1	15	25000.00	0.00	Cash			11
1019	1	266	2	12	0.00	25000.00				11
1020	1	267	1	15	25000.00	0.00	Cash			11
1021	1	267	2	12	0.00	25000.00				11
1022	1	268	1	15	25000.00	0.00	Cash			11
1023	1	268	2	12	0.00	25000.00				11
1024	1	269	1	15	25000.00	0.00	Cash			11
1025	1	269	2	12	0.00	25000.00				11
1026	1	270	1	15	25000.00	0.00	Cash			11
1027	1	270	2	12	0.00	25000.00				11
1028	1	315	1	15	25000.00	0.00	Cash			11
1029	1	315	2	12	0.00	25000.00				11
1030	1	316	1	15	25000.00	0.00	Cash			11
1031	1	316	2	12	0.00	25000.00				11
1032	1	317	1	15	25000.00	0.00	Cash			11
1033	1	317	2	12	0.00	25000.00				11
1034	1	318	1	15	25000.00	0.00	Cash			11
1035	1	318	2	12	0.00	25000.00				11
1036	1	319	1	15	25000.00	0.00	Cash			11
1037	1	319	2	12	0.00	25000.00				11
1038	1	320	1	15	30000.00	0.00	Cash			11
1039	1	320	2	12	0.00	30000.00				11
1040	1	321	1	15	25000.00	0.00	Cash			11
1041	1	321	2	12	0.00	25000.00				11
1042	1	322	1	15	25000.00	0.00	Cash			11
1043	1	322	2	12	0.00	25000.00				11
1044	1	323	1	15	30000.00	0.00	Cash			11
1045	1	323	2	12	0.00	30000.00				11
1046	1	324	1	15	30000.00	0.00	Cash			11
1047	1	324	2	12	0.00	30000.00				11
1048	1	325	1	15	25000.00	0.00	Cash			11
1049	1	325	2	12	0.00	25000.00				11
1050	1	326	1	15	25000.00	0.00	Cash			11
1051	1	326	2	12	0.00	25000.00				11
1052	1	327	1	15	25000.00	0.00	Cash			11
1053	1	327	2	12	0.00	25000.00				11
1054	1	328	1	15	30000.00	0.00	Cash			11
1055	1	328	2	12	0.00	30000.00				11
1056	1	329	1	15	25000.00	0.00	Cash			11
1057	1	329	2	12	0.00	25000.00				11
1058	1	330	1	15	25000.00	0.00	Cash			11
1059	1	330	2	12	0.00	25000.00				11
1060	1	331	1	15	25000.00	0.00	Cash			11
1061	1	331	2	12	0.00	25000.00				11
1062	1	332	1	15	25000.00	0.00	Cash			11
1063	1	332	2	12	0.00	25000.00				11
1064	1	333	1	15	25000.00	0.00	Cash			11
1065	1	333	2	12	0.00	25000.00				11
1066	1	334	1	15	30000.00	0.00	Cash			11
1067	1	334	2	12	0.00	30000.00				11
1068	1	391	1	15	25000.00	0.00	Cash			11
1069	1	391	2	12	0.00	25000.00				11
1070	1	392	1	15	25000.00	0.00	Cash			11
1071	1	392	2	12	0.00	25000.00				11
1072	1	393	1	15	25000.00	0.00	Cash			11
1073	1	393	2	12	0.00	25000.00				11
1074	1	394	1	15	25000.00	0.00	Cash			11
1075	1	394	2	12	0.00	25000.00				11
1076	1	395	1	15	30000.00	0.00	Cash			11
1077	1	395	2	12	0.00	30000.00				11
1078	1	396	1	15	25000.00	0.00	Cash			11
1079	1	396	2	12	0.00	25000.00				11
1080	1	397	1	15	25000.00	0.00	Cash			11
1081	1	397	2	12	0.00	25000.00				11
1082	1	398	1	15	30000.00	0.00	Cash			11
1083	1	398	2	12	0.00	30000.00				11
1084	1	399	1	15	25000.00	0.00	Cash			11
1085	1	399	2	12	0.00	25000.00				11
1086	1	182	1	12	475000.00	0.00				11
1087	1	182	2	15	0.00	475000.00	Bank			11
1088	1	183	1	12	25000.00	0.00				11
1089	1	183	2	6	0.00	25000.00	Organiser commission	5		11
1090	1	205	1	12	480000.00	0.00				11
1091	1	205	2	15	0.00	480000.00	Cash			11
1092	1	206	1	12	25000.00	0.00				11
1093	1	206	2	6	0.00	25000.00	Organiser commission	5		11
1094	1	227	1	12	485000.00	0.00				11
1095	1	227	2	15	0.00	485000.00	Bank			11
1096	1	228	1	12	25000.00	0.00				11
1097	1	228	2	6	0.00	25000.00	Organiser commission	5		11
1098	1	249	1	12	490000.00	0.00				11
1099	1	249	2	15	0.00	490000.00	Bank			11
1100	1	250	1	12	25000.00	0.00				11
1101	1	250	2	6	0.00	25000.00	Organiser commission	5		11
1102	1	271	1	12	495000.00	0.00				11
1103	1	271	2	15	0.00	495000.00	Bank · ref 10235021485564			11
1104	1	272	1	12	25000.00	0.00				11
1105	1	272	2	6	0.00	25000.00	Organiser commission	5		11
1106	1	389	1	12	500000.00	0.00				11
1107	1	389	2	15	0.00	500000.00	Bank			11
1108	1	390	1	12	25000.00	0.00				11
1109	1	390	2	6	0.00	25000.00	Organiser commission	5		11
1110	1	273	1	16	41250.00	0.00	Cash			12
1111	1	273	2	12	0.00	41250.00				12
1112	1	274	1	16	41250.00	0.00	Cash			12
1113	1	274	2	12	0.00	41250.00				12
1114	1	275	1	16	41250.00	0.00	Cash			12
1115	1	275	2	12	0.00	41250.00				12
1116	1	276	1	16	41250.00	0.00	Cash			12
1117	1	276	2	12	0.00	41250.00				12
1118	1	277	1	16	41250.00	0.00	Cash			12
1119	1	277	2	12	0.00	41250.00				12
1120	1	278	1	16	41250.00	0.00	Cash			12
1121	1	278	2	12	0.00	41250.00				12
1122	1	279	1	16	41250.00	0.00	Cash			12
1123	1	279	2	12	0.00	41250.00				12
1124	1	280	1	16	41250.00	0.00	Cash			12
1125	1	280	2	12	0.00	41250.00				12
1126	1	281	1	16	41250.00	0.00	Cash			12
1127	1	281	2	12	0.00	41250.00				12
1128	1	282	1	16	41250.00	0.00	Cash			12
1129	1	282	2	12	0.00	41250.00				12
1130	1	283	1	16	41250.00	0.00	Cash			12
1131	1	283	2	12	0.00	41250.00				12
1132	1	284	1	16	41250.00	0.00	Cash			12
1133	1	284	2	12	0.00	41250.00				12
1134	1	285	1	16	41250.00	0.00	Cash			12
1135	1	285	2	12	0.00	41250.00				12
1136	1	286	1	16	41250.00	0.00	Cash			12
1137	1	286	2	12	0.00	41250.00				12
1138	1	287	1	16	41250.00	0.00	Cash			12
1139	1	287	2	12	0.00	41250.00				12
1140	1	288	1	16	41250.00	0.00	Cash			12
1141	1	288	2	12	0.00	41250.00				12
1142	1	289	1	16	41250.00	0.00	Cash			12
1143	1	289	2	12	0.00	41250.00				12
1144	1	290	1	16	41250.00	0.00	Cash			12
1145	1	290	2	12	0.00	41250.00				12
1146	1	291	1	16	41250.00	0.00	Cash			12
1147	1	291	2	12	0.00	41250.00				12
1148	1	292	1	16	41250.00	0.00	Cash			12
1149	1	292	2	12	0.00	41250.00				12
1150	1	295	1	16	50000.00	0.00	Cash			12
1151	1	295	2	12	0.00	50000.00				12
1152	1	296	1	16	50000.00	0.00	Cash			12
1153	1	296	2	12	0.00	50000.00				12
1154	1	297	1	16	50000.00	0.00	Cash			12
1155	1	297	2	12	0.00	50000.00				12
1156	1	298	1	16	50000.00	0.00	Cash			12
1157	1	298	2	12	0.00	50000.00				12
1158	1	299	1	16	50000.00	0.00	Cash			12
1159	1	299	2	12	0.00	50000.00				12
1160	1	300	1	16	50000.00	0.00	Cash			12
1161	1	300	2	12	0.00	50000.00				12
1162	1	301	1	16	50000.00	0.00	Cash			12
1163	1	301	2	12	0.00	50000.00				12
1164	1	302	1	16	50000.00	0.00	Cash			12
1165	1	302	2	12	0.00	50000.00				12
1166	1	303	1	16	50000.00	0.00	Cash			12
1167	1	303	2	12	0.00	50000.00				12
1168	1	304	1	16	50000.00	0.00	Cash			12
1169	1	304	2	12	0.00	50000.00				12
1170	1	305	1	16	50000.00	0.00	Cash			12
1171	1	305	2	12	0.00	50000.00				12
1172	1	306	1	16	50000.00	0.00	Cash			12
1173	1	306	2	12	0.00	50000.00				12
1174	1	307	1	16	50000.00	0.00	Cash			12
1175	1	307	2	12	0.00	50000.00				12
1176	1	308	1	16	50000.00	0.00	Cash			12
1177	1	308	2	12	0.00	50000.00				12
1178	1	309	1	16	50000.00	0.00	Cash			12
1179	1	309	2	12	0.00	50000.00				12
1180	1	310	1	16	50000.00	0.00	Cash			12
1181	1	310	2	12	0.00	50000.00				12
1182	1	311	1	16	50000.00	0.00	Cash			12
1183	1	311	2	12	0.00	50000.00				12
1184	1	312	1	16	50000.00	0.00	Cash			12
1185	1	312	2	12	0.00	50000.00				12
1186	1	313	1	16	50000.00	0.00	Cash			12
1187	1	313	2	12	0.00	50000.00				12
1188	1	314	1	16	50000.00	0.00	Cash			12
1189	1	314	2	12	0.00	50000.00				12
1190	1	337	1	16	50000.00	0.00	Cash			12
1191	1	337	2	12	0.00	50000.00				12
1192	1	338	1	16	50000.00	0.00	Cash			12
1193	1	338	2	12	0.00	50000.00				12
1194	1	339	1	16	50000.00	0.00	Cash			12
1195	1	339	2	12	0.00	50000.00				12
1196	1	340	1	16	50000.00	0.00	Cash			12
1197	1	340	2	12	0.00	50000.00				12
1198	1	341	1	16	50000.00	0.00	Cash			12
1199	1	341	2	12	0.00	50000.00				12
1200	1	342	1	16	50000.00	0.00	Cash			12
1201	1	342	2	12	0.00	50000.00				12
1202	1	343	1	16	50000.00	0.00	Cash			12
1203	1	343	2	12	0.00	50000.00				12
1204	1	344	1	16	50000.00	0.00	Cash			12
1205	1	344	2	12	0.00	50000.00				12
1206	1	345	1	16	50000.00	0.00	Cash			12
1207	1	345	2	12	0.00	50000.00				12
1208	1	346	1	16	50000.00	0.00	Cash			12
1209	1	346	2	12	0.00	50000.00				12
1210	1	347	1	16	50000.00	0.00	Cash			12
1211	1	347	2	12	0.00	50000.00				12
1212	1	348	1	16	50000.00	0.00	Cash			12
1213	1	348	2	12	0.00	50000.00				12
1214	1	349	1	16	50000.00	0.00	Cash			12
1215	1	349	2	12	0.00	50000.00				12
1216	1	350	1	16	50000.00	0.00	Cash			12
1217	1	350	2	12	0.00	50000.00				12
1218	1	351	1	16	50000.00	0.00	Cash			12
1219	1	351	2	12	0.00	50000.00				12
1220	1	352	1	16	50000.00	0.00	Cash			12
1221	1	352	2	12	0.00	50000.00				12
1222	1	353	1	16	50000.00	0.00	Cash			12
1223	1	353	2	12	0.00	50000.00				12
1224	1	354	1	16	50000.00	0.00	Cash			12
1225	1	354	2	12	0.00	50000.00				12
1226	1	355	1	16	50000.00	0.00	Cash			12
1227	1	355	2	12	0.00	50000.00				12
1228	1	356	1	16	50000.00	0.00	Cash			12
1229	1	356	2	12	0.00	50000.00				12
1230	1	365	1	16	41250.00	0.00	Cash			12
1231	1	365	2	12	0.00	41250.00				12
1232	1	366	1	16	41250.00	0.00	Cash			12
1233	1	366	2	12	0.00	41250.00				12
1234	1	367	1	16	41250.00	0.00	Cash			12
1235	1	367	2	12	0.00	41250.00				12
1236	1	368	1	16	41250.00	0.00	Cash			12
1237	1	368	2	12	0.00	41250.00				12
1238	1	369	1	16	41250.00	0.00	Cash			12
1239	1	369	2	12	0.00	41250.00				12
1240	1	370	1	16	41250.00	0.00	Cash			12
1241	1	370	2	12	0.00	41250.00				12
1242	1	371	1	16	41250.00	0.00	Cash			12
1243	1	371	2	12	0.00	41250.00				12
1244	1	372	1	16	41250.00	0.00	Cash			12
1245	1	372	2	12	0.00	41250.00				12
1246	1	373	1	16	41250.00	0.00	Cash			12
1247	1	373	2	12	0.00	41250.00				12
1248	1	374	1	16	41250.00	0.00	Cash			12
1249	1	374	2	12	0.00	41250.00				12
1250	1	375	1	16	41250.00	0.00	Cash			12
1251	1	375	2	12	0.00	41250.00				12
1252	1	376	1	16	41250.00	0.00	Cash			12
1253	1	376	2	12	0.00	41250.00				12
1254	1	377	1	16	41250.00	0.00	Cash			12
1255	1	377	2	12	0.00	41250.00				12
1256	1	378	1	16	41250.00	0.00	Cash			12
1257	1	378	2	12	0.00	41250.00				12
1258	1	379	1	16	41250.00	0.00	Cash			12
1259	1	379	2	12	0.00	41250.00				12
1260	1	380	1	16	41250.00	0.00	Cash			12
1261	1	380	2	12	0.00	41250.00				12
1262	1	381	1	16	41250.00	0.00	Cash			12
1263	1	381	2	12	0.00	41250.00				12
1264	1	382	1	16	41250.00	0.00	Cash			12
1265	1	382	2	12	0.00	41250.00				12
1266	1	383	1	16	41250.00	0.00	Cash			12
1267	1	383	2	12	0.00	41250.00				12
1268	1	384	1	16	41250.00	0.00	Cash			12
1269	1	384	2	12	0.00	41250.00				12
1270	1	293	1	12	775000.00	0.00				12
1271	1	293	2	16	0.00	775000.00	Bank			12
1272	1	294	1	12	50000.00	0.00				12
1273	1	294	2	6	0.00	50000.00	Organiser commission	33		12
1274	1	357	1	17	50000.00	0.00	Commission kept			12
1275	1	357	2	16	0.00	50000.00				12
1276	1	335	1	12	711000.00	0.00				12
1277	1	335	2	16	0.00	711000.00	Bank			12
1278	1	336	1	12	50000.00	0.00				12
1279	1	336	2	6	0.00	50000.00	Organiser commission	33		12
1280	1	358	1	17	50000.00	0.00	Commission kept			12
1281	1	358	2	16	0.00	50000.00				12
1282	1	359	1	12	732000.00	0.00				12
1283	1	359	2	16	0.00	732000.00	Bank			12
1284	1	360	1	12	50000.00	0.00				12
1285	1	360	2	6	0.00	50000.00	Organiser commission	33		12
1286	1	361	1	17	50000.00	0.00	Commission kept			12
1287	1	361	2	16	0.00	50000.00				12
1288	1	362	1	12	775000.00	0.00				12
1289	1	362	2	16	0.00	775000.00	Bank			12
1290	1	363	1	12	50000.00	0.00				12
1291	1	363	2	6	0.00	50000.00	Organiser commission	33		12
1292	1	364	1	17	50000.00	0.00	Commission kept			12
1293	1	364	2	16	0.00	50000.00				12
1310	1	404	1	15	25000.00	0.00	Cash			11
1311	1	404	2	12	0.00	25000.00				11
1312	1	405	1	15	30000.00	0.00	Cash			11
1313	1	405	2	12	0.00	30000.00				11
1314	1	406	1	15	25000.00	0.00	Cash			11
1315	1	406	2	12	0.00	25000.00				11
1316	1	407	1	15	30000.00	0.00	Cash			11
1317	1	407	2	12	0.00	30000.00				11
1318	1	408	1	15	30000.00	0.00	Cash			11
1319	1	408	2	12	0.00	30000.00				11
1320	1	409	1	15	25000.00	0.00	Cash			11
1321	1	409	2	12	0.00	25000.00				11
1322	1	410	1	15	25000.00	0.00	Cash			11
1323	1	410	2	12	0.00	25000.00				11
1324	1	411	1	15	25000.00	0.00	Cash			11
1325	1	411	2	12	0.00	25000.00				11
1326	1	412	1	15	30000.00	0.00	Cash			11
1327	1	412	2	12	0.00	30000.00				11
1328	1	413	1	15	25000.00	0.00	Cash			11
1329	1	413	2	12	0.00	25000.00				11
1330	1	414	1	15	25000.00	0.00	Cash			11
1331	1	414	2	12	0.00	25000.00				11
1332	1	415	1	12	505000.00	0.00				11
1333	1	415	2	15	0.00	505000.00	Bank			11
1334	1	416	1	12	25000.00	0.00				11
1335	1	416	2	6	0.00	25000.00	Organiser commission	5		11
1336	1	417	1	15	25000.00	0.00	Cash			11
1337	1	417	2	12	0.00	25000.00				11
1338	1	418	1	15	25000.00	0.00	Cash			11
1339	1	418	2	12	0.00	25000.00				11
1340	1	419	1	15	25000.00	0.00	Cash			11
1341	1	419	2	12	0.00	25000.00				11
1342	1	420	1	15	25000.00	0.00	Cash			11
1343	1	420	2	12	0.00	25000.00				11
1344	1	421	1	15	25000.00	0.00	Cash			11
1345	1	421	2	12	0.00	25000.00				11
1346	1	422	1	15	30000.00	0.00	Cash			11
1347	1	422	2	12	0.00	30000.00				11
1348	1	423	1	15	25000.00	0.00	Cash			11
1349	1	423	2	12	0.00	25000.00				11
1350	1	424	1	15	25000.00	0.00	Cash			11
1351	1	424	2	12	0.00	25000.00				11
1352	1	425	1	15	30000.00	0.00	Cash			11
1353	1	425	2	12	0.00	30000.00				11
1354	1	426	1	15	30000.00	0.00	Cash			11
1355	1	426	2	12	0.00	30000.00				11
1356	1	427	1	15	25000.00	0.00	Cash			11
1357	1	427	2	12	0.00	25000.00				11
1358	1	428	1	15	30000.00	0.00	Cash			11
1359	1	428	2	12	0.00	30000.00				11
1360	1	429	1	15	25000.00	0.00	Cash			11
1361	1	429	2	12	0.00	25000.00				11
1362	1	430	1	15	30000.00	0.00	Cash			11
1363	1	430	2	12	0.00	30000.00				11
1364	1	431	1	15	25000.00	0.00	Cash			11
1365	1	431	2	12	0.00	25000.00				11
1366	1	432	1	15	30000.00	0.00	Cash			11
1367	1	432	2	12	0.00	30000.00				11
1368	1	433	1	15	25000.00	0.00	Cash			11
1369	1	433	2	12	0.00	25000.00				11
1370	1	434	1	15	25000.00	0.00	Cash			11
1371	1	434	2	12	0.00	25000.00				11
1372	1	435	1	15	25000.00	0.00	Cash			11
1373	1	435	2	12	0.00	25000.00				11
1374	1	436	1	15	30000.00	0.00	Cash			11
1375	1	436	2	12	0.00	30000.00				11
1376	1	437	1	12	510000.00	0.00				11
1377	1	437	2	15	0.00	30000.00	Bank			11
1378	1	437	3	1	0.00	480000.00	Bank			11
1379	1	438	1	12	25000.00	0.00				11
1380	1	438	2	6	0.00	25000.00	Organiser commission	5		11
1381	1	439	1	15	25000.00	0.00	Cash			11
1382	1	439	2	12	0.00	25000.00				11
1383	1	440	1	15	25000.00	0.00	Cash			11
1384	1	440	2	12	0.00	25000.00				11
1385	1	441	1	15	25000.00	0.00	Cash			11
1386	1	441	2	12	0.00	25000.00				11
1387	1	442	1	15	25000.00	0.00	Cash			11
1388	1	442	2	12	0.00	25000.00				11
1389	1	443	1	15	25000.00	0.00	Cash			11
1390	1	443	2	12	0.00	25000.00				11
1391	1	444	1	15	30000.00	0.00	Cash			11
1392	1	444	2	12	0.00	30000.00				11
1393	1	445	1	15	25000.00	0.00	Cash			11
1394	1	445	2	12	0.00	25000.00				11
1395	1	446	1	15	30000.00	0.00	Cash			11
1396	1	446	2	12	0.00	30000.00				11
1397	1	447	1	15	30000.00	0.00	Cash			11
1398	1	447	2	12	0.00	30000.00				11
1399	1	448	1	15	30000.00	0.00	Cash			11
1400	1	448	2	12	0.00	30000.00				11
1401	1	449	1	15	25000.00	0.00	Cash			11
1402	1	449	2	12	0.00	25000.00				11
1403	1	450	1	15	30000.00	0.00	Cash			11
1404	1	450	2	12	0.00	30000.00				11
1405	1	451	1	15	25000.00	0.00	Cash			11
1406	1	451	2	12	0.00	25000.00				11
1407	1	452	1	15	30000.00	0.00	Cash			11
1408	1	452	2	12	0.00	30000.00				11
1409	1	453	1	15	25000.00	0.00	Cash			11
1410	1	453	2	12	0.00	25000.00				11
1411	1	454	1	15	30000.00	0.00	Cash			11
1412	1	454	2	12	0.00	30000.00				11
1413	1	455	1	15	25000.00	0.00	Cash			11
1414	1	455	2	12	0.00	25000.00				11
1415	1	456	1	15	25000.00	0.00	Cash			11
1416	1	456	2	12	0.00	25000.00				11
1417	1	457	1	15	25000.00	0.00	Cash			11
1418	1	457	2	12	0.00	25000.00				11
1419	1	458	1	15	30000.00	0.00	Cash			11
1420	1	458	2	12	0.00	30000.00				11
1421	1	459	1	12	515000.00	0.00				11
1422	1	459	2	15	0.00	215000.00	Bank			11
1423	1	459	3	8	0.00	200000.00	Bank			11
1424	1	459	4	1	0.00	100000.00	Bank			11
1425	1	460	1	12	25000.00	0.00				11
1426	1	460	2	6	0.00	25000.00	Organiser commission	5		11
1427	1	461	1	15	25000.00	0.00	Cash			11
1428	1	461	2	12	0.00	25000.00				11
1429	1	462	1	15	25000.00	0.00	Cash			11
1430	1	462	2	12	0.00	25000.00				11
1431	1	463	1	15	30000.00	0.00	Cash			11
1432	1	463	2	12	0.00	30000.00				11
1433	1	464	1	15	25000.00	0.00	Cash			11
1434	1	464	2	12	0.00	25000.00				11
1435	1	465	1	15	25000.00	0.00	Cash			11
1436	1	465	2	12	0.00	25000.00				11
1437	1	466	1	15	30000.00	0.00	Cash			11
1438	1	466	2	12	0.00	30000.00				11
1439	1	467	1	15	25000.00	0.00	Cash			11
1440	1	467	2	12	0.00	25000.00				11
1441	1	468	1	15	30000.00	0.00	Cash			11
1442	1	468	2	12	0.00	30000.00				11
1443	1	469	1	15	30000.00	0.00	Cash			11
1444	1	469	2	12	0.00	30000.00				11
1445	1	470	1	15	30000.00	0.00	Cash			11
1446	1	470	2	12	0.00	30000.00				11
1447	1	471	1	15	25000.00	0.00	Cash			11
1448	1	471	2	12	0.00	25000.00				11
1449	1	472	1	15	30000.00	0.00	Cash			11
1450	1	472	2	12	0.00	30000.00				11
1451	1	473	1	15	25000.00	0.00	Cash			11
1452	1	473	2	12	0.00	25000.00				11
1453	1	474	1	15	30000.00	0.00	Cash			11
1454	1	474	2	12	0.00	30000.00				11
1455	1	475	1	15	25000.00	0.00	Cash			11
1456	1	475	2	12	0.00	25000.00				11
1457	1	476	1	15	30000.00	0.00	Cash			11
1458	1	476	2	12	0.00	30000.00				11
1459	1	477	1	15	25000.00	0.00	Cash			11
1460	1	477	2	12	0.00	25000.00				11
1461	1	478	1	15	25000.00	0.00	Cash			11
1462	1	478	2	12	0.00	25000.00				11
1463	1	479	1	15	25000.00	0.00	Cash			11
1464	1	479	2	12	0.00	25000.00				11
1465	1	480	1	15	30000.00	0.00	Cash			11
1466	1	480	2	12	0.00	30000.00				11
1467	1	481	1	12	520000.00	0.00				11
1468	1	481	2	15	0.00	400000.00	Bank			11
1469	1	481	3	1	0.00	20000.00	Bank			11
1470	1	481	4	8	0.00	100000.00	Bank			11
1471	1	482	1	12	25000.00	0.00				11
1472	1	482	2	6	0.00	25000.00	Organiser commission	5		11
1473	1	483	1	15	25000.00	0.00	UPI			11
1474	1	483	2	12	0.00	25000.00				11
1475	1	484	1	15	30000.00	0.00	UPI			11
1476	1	484	2	12	0.00	30000.00				11
1477	1	485	1	25	25000.00	0.00	Cash			11
1478	1	485	2	12	0.00	25000.00				11
1479	1	486	1	25	30000.00	0.00	Cash			11
1480	1	486	2	12	0.00	30000.00				11
1481	1	487	1	25	30000.00	0.00	Cash			11
1482	1	487	2	12	0.00	30000.00				11
1483	1	488	1	25	25000.00	0.00	Cash			11
1484	1	488	2	12	0.00	25000.00				11
1485	1	489	1	25	25000.00	0.00	Cash			11
1486	1	489	2	12	0.00	25000.00				11
1487	1	490	1	25	30000.00	0.00	Cash			11
1488	1	490	2	12	0.00	30000.00				11
1489	1	491	1	25	25000.00	0.00	Cash			11
1490	1	491	2	12	0.00	25000.00				11
1491	1	492	1	25	30000.00	0.00	Cash			11
1492	1	492	2	12	0.00	30000.00				11
1493	1	493	1	25	30000.00	0.00	Cash			11
1494	1	493	2	12	0.00	30000.00				11
1495	1	494	1	25	30000.00	0.00	Cash			11
1496	1	494	2	12	0.00	30000.00				11
1497	1	495	1	25	25000.00	0.00	Cash			11
1498	1	495	2	12	0.00	25000.00				11
1499	1	496	1	25	30000.00	0.00	Cash			11
1500	1	496	2	12	0.00	30000.00				11
1501	1	497	1	25	25000.00	0.00	Cash			11
1502	1	497	2	12	0.00	25000.00				11
1503	1	498	1	25	30000.00	0.00	Cash			11
1504	1	498	2	12	0.00	30000.00				11
1505	1	499	1	25	25000.00	0.00	Cash			11
1506	1	499	2	12	0.00	25000.00				11
1507	1	500	1	25	30000.00	0.00	Cash			11
1508	1	500	2	12	0.00	30000.00				11
1509	1	501	1	25	25000.00	0.00	Cash			11
1510	1	501	2	12	0.00	25000.00				11
1511	1	502	1	25	25000.00	0.00	Cash			11
1512	1	502	2	12	0.00	25000.00				11
1513	1	503	1	12	525000.00	0.00				11
1514	1	503	2	25	0.00	495000.00	Direct · ref 18 member payments made to the winner			11
1515	1	503	3	15	0.00	20000.00	Bank			11
1516	1	503	4	1	0.00	10000.00	Bank			11
1517	1	504	1	12	25000.00	0.00				11
1518	1	504	2	6	0.00	25000.00	Organiser commission	5		11
1519	1	505	1	15	1000.00	0.00	Cash			11
1520	1	505	2	12	0.00	1000.00				11
1521	1	506	1	25	3000.00	0.00	Cash			11
1522	1	506	2	12	0.00	3000.00				11
1523	1	507	1	15	21000.00	0.00	Cash			11
1524	1	507	2	12	0.00	21000.00				11
1525	1	508	1	15	25000.00	0.00	UPI			11
1526	1	508	2	12	0.00	25000.00				11
1527	1	509	1	15	25000.00	0.00	UPI			11
1528	1	509	2	12	0.00	25000.00				11
1529	1	510	1	15	30000.00	0.00	UPI			11
1530	1	510	2	12	0.00	30000.00				11
1531	1	511	1	15	30000.00	0.00	UPI			11
1532	1	511	2	12	0.00	30000.00				11
1533	1	512	1	15	25000.00	0.00	UPI			11
1534	1	512	2	12	0.00	25000.00				11
1535	1	513	1	15	30000.00	0.00	UPI			11
1536	1	513	2	12	0.00	30000.00				11
1537	1	514	1	25	30000.00	0.00	Cash			11
1538	1	514	2	12	0.00	30000.00				11
1539	1	515	1	25	30000.00	0.00	Cash			11
1540	1	515	2	12	0.00	30000.00				11
1541	1	516	1	25	25000.00	0.00	Cash			11
1542	1	516	2	12	0.00	25000.00				11
1543	1	517	1	25	30000.00	0.00	Cash			11
1544	1	517	2	12	0.00	30000.00				11
1545	1	518	1	25	30000.00	0.00	Cash			11
1546	1	518	2	12	0.00	30000.00				11
1547	1	519	1	25	25000.00	0.00	Cash			11
1548	1	519	2	12	0.00	25000.00				11
1549	1	520	1	25	30000.00	0.00	Cash			11
1550	1	520	2	12	0.00	30000.00				11
1551	1	521	1	25	25000.00	0.00	Cash			11
1552	1	521	2	12	0.00	25000.00				11
1553	1	522	1	25	30000.00	0.00	Cash			11
1554	1	522	2	12	0.00	30000.00				11
1555	1	523	1	25	30000.00	0.00	Cash			11
1556	1	523	2	12	0.00	30000.00				11
1557	1	524	1	25	25000.00	0.00	Cash			11
1558	1	524	2	12	0.00	25000.00				11
1559	1	525	1	25	25000.00	0.00	Cash			11
1560	1	525	2	12	0.00	25000.00				11
1561	1	526	1	25	30000.00	0.00	Cash			11
1562	1	526	2	12	0.00	30000.00				11
1563	1	527	1	12	530000.00	0.00				11
1564	1	527	2	25	0.00	368000.00	Direct · ref 14 member payments made to the winner			11
1565	1	527	3	8	0.00	162000.00	Bank			11
1566	1	528	1	12	25000.00	0.00				11
1567	1	528	2	6	0.00	25000.00	Organiser commission	5		11
1568	1	529	1	15	6000.00	0.00	Bank			11
1569	1	529	2	1	0.00	6000.00	Bank			
1570	1	530	1	15	25000.00	0.00	Cash			11
1571	1	530	2	12	0.00	25000.00				11
1572	1	531	1	15	30000.00	0.00	Cash			11
1573	1	531	2	12	0.00	30000.00				11
1574	1	532	1	15	30000.00	0.00	Cash			11
1575	1	532	2	12	0.00	30000.00				11
1576	1	533	1	15	25000.00	0.00	Cash			11
1577	1	533	2	12	0.00	25000.00				11
1578	1	534	1	15	25000.00	0.00	Cash			11
1579	1	534	2	12	0.00	25000.00				11
1580	1	535	1	15	30000.00	0.00	Cash			11
1581	1	535	2	12	0.00	30000.00				11
1582	1	536	1	15	25000.00	0.00	Cash			11
1583	1	536	2	12	0.00	25000.00				11
1584	1	537	1	15	30000.00	0.00	Cash			11
1585	1	537	2	12	0.00	30000.00				11
1586	1	538	1	15	30000.00	0.00	Cash			11
1587	1	538	2	12	0.00	30000.00				11
1588	1	539	1	15	30000.00	0.00	Cash			11
1589	1	539	2	12	0.00	30000.00				11
1590	1	540	1	15	30000.00	0.00	Cash			11
1591	1	540	2	12	0.00	30000.00				11
1592	1	541	1	15	30000.00	0.00	Cash			11
1593	1	541	2	12	0.00	30000.00				11
1594	1	542	1	15	25000.00	0.00	Cash			11
1595	1	542	2	12	0.00	25000.00				11
1596	1	543	1	15	30000.00	0.00	Cash			11
1597	1	543	2	12	0.00	30000.00				11
1598	1	544	1	15	25000.00	0.00	Cash			11
1599	1	544	2	12	0.00	25000.00				11
1600	1	545	1	15	30000.00	0.00	Cash			11
1601	1	545	2	12	0.00	30000.00				11
1602	1	546	1	15	30000.00	0.00	Cash			11
1603	1	546	2	12	0.00	30000.00				11
1604	1	547	1	15	25000.00	0.00	Cash			11
1605	1	547	2	12	0.00	25000.00				11
1606	1	548	1	15	25000.00	0.00	Cash			11
1607	1	548	2	12	0.00	25000.00				11
1608	1	549	1	15	30000.00	0.00	Cash			11
1609	1	549	2	12	0.00	30000.00				11
1610	1	550	1	12	535000.00	0.00				11
1611	1	550	2	15	0.00	500000.00	Bank			11
1612	1	550	3	14	0.00	35000.00	Bank			11
1613	1	551	1	12	25000.00	0.00				11
1614	1	551	2	6	0.00	25000.00	Organiser commission	5		11
1615	1	552	1	15	25000.00	0.00	Cash			11
1616	1	552	2	12	0.00	25000.00				11
1617	1	553	1	15	30000.00	0.00	Cash			11
1618	1	553	2	12	0.00	30000.00				11
1619	1	554	1	15	30000.00	0.00	Cash			11
1620	1	554	2	12	0.00	30000.00				11
1621	1	555	1	15	25000.00	0.00	Cash			11
1622	1	555	2	12	0.00	25000.00				11
1623	1	556	1	15	25000.00	0.00	Cash			11
1624	1	556	2	12	0.00	25000.00				11
1625	1	557	1	15	30000.00	0.00	Cash			11
1626	1	557	2	12	0.00	30000.00				11
1627	1	558	1	15	25000.00	0.00	Cash			11
1628	1	558	2	12	0.00	25000.00				11
1629	1	559	1	15	30000.00	0.00	Cash			11
1630	1	559	2	12	0.00	30000.00				11
1631	1	560	1	15	30000.00	0.00	Cash			11
1632	1	560	2	12	0.00	30000.00				11
1633	1	561	1	15	30000.00	0.00	Cash			11
1634	1	561	2	12	0.00	30000.00				11
1635	1	562	1	15	30000.00	0.00	Cash			11
1636	1	562	2	12	0.00	30000.00				11
1637	1	563	1	15	30000.00	0.00	Cash			11
1638	1	563	2	12	0.00	30000.00				11
1639	1	564	1	15	25000.00	0.00	Cash			11
1640	1	564	2	12	0.00	25000.00				11
1641	1	565	1	15	30000.00	0.00	Cash			11
1642	1	565	2	12	0.00	30000.00				11
1643	1	566	1	15	30000.00	0.00	Cash			11
1644	1	566	2	12	0.00	30000.00				11
1645	1	567	1	15	30000.00	0.00	Cash			11
1646	1	567	2	12	0.00	30000.00				11
1647	1	568	1	15	30000.00	0.00	Cash			11
1648	1	568	2	12	0.00	30000.00				11
1649	1	569	1	15	25000.00	0.00	Cash			11
1650	1	569	2	12	0.00	25000.00				11
1651	1	570	1	15	25000.00	0.00	Cash			11
1652	1	570	2	12	0.00	25000.00				11
1653	1	571	1	15	30000.00	0.00	Cash			11
1654	1	571	2	12	0.00	30000.00				11
1655	1	572	1	12	540000.00	0.00				11
1656	1	572	2	15	0.00	540000.00	Bank			11
1657	1	573	1	12	25000.00	0.00				11
1658	1	573	2	6	0.00	25000.00	Organiser commission	5		11
1659	1	574	1	15	25000.00	0.00	Cash			11
1660	1	574	2	12	0.00	25000.00				11
1661	1	575	1	15	30000.00	0.00	Cash			11
1662	1	575	2	12	0.00	30000.00				11
1663	1	576	1	15	30000.00	0.00	Cash			11
1664	1	576	2	12	0.00	30000.00				11
1665	1	577	1	15	25000.00	0.00	Cash			11
1666	1	577	2	12	0.00	25000.00				11
1667	1	578	1	15	25000.00	0.00	Cash			11
1668	1	578	2	12	0.00	25000.00				11
1669	1	579	1	15	30000.00	0.00	Cash			11
1670	1	579	2	12	0.00	30000.00				11
1671	1	580	1	15	25000.00	0.00	Cash			11
1672	1	580	2	12	0.00	25000.00				11
1673	1	581	1	15	30000.00	0.00	Cash			11
1674	1	581	2	12	0.00	30000.00				11
1675	1	582	1	15	30000.00	0.00	Cash			11
1676	1	582	2	12	0.00	30000.00				11
1677	1	583	1	15	30000.00	0.00	Cash			11
1678	1	583	2	12	0.00	30000.00				11
1679	1	584	1	15	30000.00	0.00	Cash			11
1680	1	584	2	12	0.00	30000.00				11
1681	1	585	1	15	30000.00	0.00	Cash			11
1682	1	585	2	12	0.00	30000.00				11
1683	1	586	1	15	25000.00	0.00	Cash			11
1684	1	586	2	12	0.00	25000.00				11
1685	1	587	1	15	30000.00	0.00	Cash			11
1686	1	587	2	12	0.00	30000.00				11
1687	1	588	1	15	30000.00	0.00	Cash			11
1688	1	588	2	12	0.00	30000.00				11
1689	1	589	1	15	30000.00	0.00	Cash			11
1690	1	589	2	12	0.00	30000.00				11
1691	1	590	1	15	30000.00	0.00	Cash			11
1692	1	590	2	12	0.00	30000.00				11
1693	1	591	1	15	25000.00	0.00	Cash			11
1694	1	591	2	12	0.00	25000.00				11
1695	1	592	1	15	30000.00	0.00	Cash			11
1696	1	592	2	12	0.00	30000.00				11
1697	1	593	1	15	30000.00	0.00	Cash			11
1698	1	593	2	12	0.00	30000.00				11
1699	1	594	1	12	545000.00	0.00				11
1700	1	594	2	15	0.00	545000.00	Bank			11
1701	1	595	1	12	25000.00	0.00				11
1702	1	595	2	6	0.00	25000.00	Organiser commission	5		11
1703	1	596	1	15	25000.00	0.00	Cash			11
1704	1	596	2	12	0.00	25000.00				11
1705	1	597	1	15	30000.00	0.00	Cash			11
1706	1	597	2	12	0.00	30000.00				11
1707	1	598	1	15	30000.00	0.00	Cash			11
1708	1	598	2	12	0.00	30000.00				11
1709	1	599	1	15	30000.00	0.00	Cash			11
1710	1	599	2	12	0.00	30000.00				11
1711	1	600	1	15	25000.00	0.00	Cash			11
1712	1	600	2	12	0.00	25000.00				11
1713	1	601	1	15	30000.00	0.00	Cash			11
1714	1	601	2	12	0.00	30000.00				11
1715	1	602	1	15	25000.00	0.00	Cash			11
1716	1	602	2	12	0.00	25000.00				11
1717	1	603	1	15	30000.00	0.00	Cash			11
1718	1	603	2	12	0.00	30000.00				11
1719	1	604	1	15	30000.00	0.00	Cash			11
1720	1	604	2	12	0.00	30000.00				11
1721	1	605	1	15	30000.00	0.00	Cash			11
1722	1	605	2	12	0.00	30000.00				11
1723	1	606	1	15	30000.00	0.00	Cash			11
1724	1	606	2	12	0.00	30000.00				11
1725	1	607	1	15	30000.00	0.00	Cash			11
1726	1	607	2	12	0.00	30000.00				11
1727	1	608	1	15	25000.00	0.00	Cash			11
1728	1	608	2	12	0.00	25000.00				11
1729	1	609	1	15	30000.00	0.00	Cash			11
1730	1	609	2	12	0.00	30000.00				11
1731	1	610	1	15	30000.00	0.00	Cash			11
1732	1	610	2	12	0.00	30000.00				11
1733	1	611	1	15	30000.00	0.00	Cash			11
1734	1	611	2	12	0.00	30000.00				11
1735	1	612	1	15	30000.00	0.00	Cash			11
1736	1	612	2	12	0.00	30000.00				11
1737	1	613	1	15	25000.00	0.00	Cash			11
1738	1	613	2	12	0.00	25000.00				11
1739	1	614	1	15	30000.00	0.00	Cash			11
1740	1	614	2	12	0.00	30000.00				11
1741	1	615	1	15	30000.00	0.00	Cash			11
1742	1	615	2	12	0.00	30000.00				11
